09-41-06_1.jpg 55.9827,56.8147,55.11
09-41-06_2.jpg 60.6311,56.802,68.1523
09-42-05_1.jpg 44.5889,43.686,46.3197
09-42-05_2.jpg 52.5224,52.4342,53.3213
09-43-07_1.jpg 51.4939,52.756,56.9977
09-43-07_2.jpg 52.756,52.6462,52.5995
09-44-06_1.jpg 54.3013,54.1733,60.2891
09-44-06_2.jpg 60.4041,61.1699,67.3302
09-45-04_1.jpg 54.3865,55.9595,63.7906
09-45-04_2.jpg 51.7762,53.3213,59.413
09-46-10_1.jpg 48.9549,49.8485,64.6575
09-46-10_2.jpg 46.3353,48.0817,60.3083
09-49-17_1.jpg 66.542,69.0574,65.5489
09-49-17_2.jpg 57.8258,58.5392,55.0864
09-49-37_1.jpg 63.3568,62.0551,58.5615
09-49-37_2.jpg 59.7068,60.3083,58.5392
09-50-11_1.jpg 69.4333,61.1982,58.5392
09-50-11_2.jpg 66.6202,61.1817,56.802
09-52-38_1.jpg 64.0553,57.8258,54.1733
09-52-38_2.jpg 58.0878,58.7858,55.9595
09-53-51.jpg 57.6756,58.5615,48.9549
09-53-51_2.jpg 64.6575,55.2123,46.3571
09-54-44.jpg 50.6872,47.1809,57.6655
09-54-44_2.jpg 45.4621,40.2055,51.5523
09-55-22.jpg 45.5479,44.6116,42.8663
09-55-22_2.jpg 48.1628,46.3353,41.9524
09-55-50.jpg 43.8479,43.7389,42.8427
09-55-50_2.jpg 42.1072,41.1212,40.1947
09-56-30.jpg 50.2185,48.2468,52.5224
09-56-30_2.jpg 60.7551,58.7858,63.8382
09-57-36.jpg 44.5889,41.9937,43.7158
09-57-36_2.jpg 44.6764,43.7687,46.3571
09-58-19.jpg 39.3762,41.0684,42.8157
10-51-38.jpg 62.9285,60.2891,64.6575
10-52-09.jpg 49.8137,51.5523,55.047
10-55-10.jpg 64.6754,64.7983,64.8362
10-58-55.jpg 72.5905,76.0308,89.1211
11-02-15.jpg 63.0204,61.2455,63.0548
11-03-10.jpg 59.4227,60.3251,65.6371
11-03-53.jpg 60.2867,57.668,61.1699
11-05-17.jpg 58.5788,62.2668,60.4807
11-05-42.jpg 58.5788,61.3516,59.7068
11-06-10.jpg 66.4223,64.1636,64.9254
11-09-26.jpg 61.7628,62.4269,70.1475
11-11-23.jpg 49.3521,46.6184,54.4927
11-12-47.jpg 75.5712,71.1707,67.4911
11-13-13.jpg 55.4866,53.4297,54.2374
12-06-36.jpg 93.6133,96.4037,90.9242
17-35-44.jpg 41.9696,38.4587,37.5738
17-35-50.jpg 39.3174,34.9654,37.57
17-35-56.jpg 39.3211,35.8387,33.2057
17-36-01.jpg 37.5854,37.57,40.2055
17-36-35.jpg 62.0551,56.7944,69.9059
17-36-47.jpg 59.6559,57.7557,62.9906
17-37-04.jpg 61.3516,61.3964,55.1389
17-37-19.jpg 64.0553,56.9546,59.5686
17-37-40.jpg 61.1628,56.7944,61.1817
17-38-18.jpg 63.965,64.7112,74.2682
17-38-30.jpg 56.9165,57.8258,61.2762
17-40-25.jpg 62.1483,62.1832,71.6632
17-47-32.jpg 59.0215,63.238,63.0204
17-47-38.jpg 60.3466,62.9285,68.1587
17-47-41.jpg 67.3108,64.6754,68.2032
17-47-48.jpg 64.8362,63.8631,66.4572
17-48-12.jpg 65.5378,65.5378,69.026
17-48-16.jpg 65.6371,61.1699,69.0239
17-48-21.jpg 60.44,62.9906,63.8382
17-48-34.jpg 61.3516,66.5789,64.7112
17-48-45.jpg 70.8714,64.7112,70.7795
17-48-47.jpg 68.3621,68.2859,73.489
17-48-50.jpg 64.8786,61.1699,64.6911
17-49-02.jpg 62.0924,69.2331,70.804
17-57-01.jpg 60.373,63.8178,64.6911
17-57-11.jpg 69.1934,72.6801,68.1841
17-57-24.jpg 68.5648,68.2541,71.6773
17-57-47.jpg 70.6406,71.4304,73.0275
18-15-18.jpg 52.5224,54.2374,55.11
18-15-27.jpg 52.4232,49.805,50.6872
18-18-25.jpg 53.5163,52.448,54.2133
18-18-29.jpg 58.9553,51.5944,55.173
18-18-34.jpg 47.2299,55.11,66.4114
18-19-42.jpg 65.7075,57.7282,65.5842
18-19-50.jpg 67.4503,63.0204,63.1373
18-19-54.jpg 63.7816,60.2867,60.2963
