09-41-06_1.jpg 52.0797,50.7814,51.6915 5.83,55.28,377.71,118.47
09-41-06_2.jpg 56.4794,52.3811,53.1669 11.67,36.34,374.96,120.82
09-42-05_1.jpg 57.7329,55.372,59.9921 6.72,46.07,380.89,158.04
09-42-05_2.jpg 59.0144,56.7706,61.0206 10.09,42.02,376.15,130.35
09-43-07_1.jpg 47.3791,55.3892,54.2724 5.01,34.42,378.53,126.62
09-43-07_2.jpg 47.7312,53.0454,55.8027 7.54,52.02,373.31,129.52
09-44-06_1.jpg 61.8678,62.6087,64.5322 7.52,46.22,374.01,119.34
09-44-06_2.jpg 58.5935,58.1462,65.2816 6.68,27.77,378.00,135.02
09-45-04_1.jpg 75.3503,82.8344,83.8567 4.38,43.72,516.91,214.16
09-45-04_2.jpg 73.2996,85.4727,88.1639 7.68,40.38,502.79,214.10
09-46-10_1.jpg 64.9666,68.621,80.8894 7.65,32.97,436.83,177.66
09-46-10_2.jpg 63.771,67.481,78.7195 11.49,39.85,432.06,177.38
09-49-17_1.jpg 69.2455,71.9175,70.0171 15.19,51.35,421.63,167.45
09-49-17_2.jpg 66.823,66.6519,69.0173 8.63,50.77,436.84,173.97
09-49-37_1.jpg 66.2158,64.7782,60.7993 14.33,38.87,427.29,165.43
09-49-37_2.jpg 68.3646,62.654,58.4104 10.58,50.92,436.84,150.72
09-50-11_1.jpg 72.6826,66.8023,59.6145 15.38,48.27,426.28,165.40
09-50-11_2.jpg 80.0181,68.2511,60.243 10.51,49.94,434.92,170.48
09-52-38_1.jpg 56.8432,59.6737,52.9625 5.29,46.35,338.46,157.88
09-52-38_2.jpg 59.7257,59.6013,54.8328 14.22,50.13,326.30,161.66
09-53-51.jpg 53.686,50.4642,41.3968 10.20,32.30,327.63,147.02
09-53-51_2.jpg 45.7158,45.7628,38.7649 8.93,42.72,332.14,123.96
09-54-44_2.jpg 50.3505,46.3809,54.2491 5.92,40.45,322.32,119.35
09-54-44.jpg 51.1334,48.215,58.6188 3.76,31.23,334.13,130.46
09-55-22.jpg 49.9342,52.0551,47.7699 4.46,41.37,331.47,136.92
09-55-22_2.jpg 50.9144,44.3276,40.6112 10.40,51.84,330.67,115.86
09-55-50.jpg 45.1901,45.9292,45.8829 5.97,38.08,332.42,133.73
09-55-50_2.jpg 51.2552,50.1763,50.1504 5.18,31.31,332.19,138.90
09-56-30.jpg 56.7542,55.5237,58.4466 5.77,25.17,372.21,151.02
09-56-30_2.jpg 57.8557,55.9697,60.0531 12.23,18.92,363.16,146.49
09-57-36.jpg 56.5116,55.1666,56.3886 7.41,38.70,369.11,151.56
09-57-36_2.jpg 57.3169,53.6982,56.0763 0.10,33.26,378.53,171.52
09-58-19.jpg 46.8475,52.9858,54.2177 7.43,30.69,371.70,171.26
10-51-38.jpg 88.2522,84.1699,93.9122 7.42,57.72,482.50,191.66
10-52-09.jpg 87.1978,79.802,87.2511 17.20,57.40,472.05,189.16
10-55-10.jpg 83.1983,84.9219,92.6732 10.88,35.70,492.69,247.01
10-58-55.jpg 83.7101,87.0784,106.0239 16.28,42.35,479.91,212.05
11-02-15.jpg 90.8258,90.6722,93.5208 13.97,66.64,480.67,222.80
11-03-10.jpg 76.5488,84.3003,93.4771 25.68,64.70,467.14,215.29
11-03-53.jpg 87.727,84.949,89.1463 14.18,86.14,494.73,175.45
11-05-17.jpg 76.8507,85.4946,81.2453 13.01,48.36,490.79,217.05
11-05-42.jpg 86.3037,85.5233,84.8115 9.68,44.98,485.92,229.68
11-06-10.jpg 87.4469,84.1358,85.1878 16.13,43.60,478.51,227.34
11-09-26.jpg 86.0993,87.4232,96.1808 11.95,51.88,487.38,253.55
11-11-23.jpg 73.7826,63.5136,78.7517 9.82,58.85,496.78,227.80
11-12-47.jpg 85.2717,80.0554,76.8625 15.47,24.16,391.16,230.56
11-13-13.jpg 66.8447,71.5902,75.3492 10.72,75.04,486.18,220.54
12-06-36.jpg 155.9044,153.5744,145.4176 14.92,58.48,574.42,326.22
17-35-44.jpg 58.5563,57.2173,57.2002 6.55,21.61,368.67,183.84
17-35-50.jpg 51.7537,51.7474,51.7537 6.55,40.67,371.09,140.26
17-35-56.jpg 55.8328,53.1337,53.1153 7.36,51.57,364.64,132.09
17-36-01.jpg 55.8386,53.1337,55.8328 7.36,40.67,363.03,172.95
17-36-35.jpg 72.0873,73.1407,87.0307 24.80,62.58,502.96,175.22
17-36-47.jpg 75.562,73.1844,74.4037 15.76,46.34,506.35,204.23
17-37-04.jpg 71.1091,72.0873,73.1844 11.24,62.58,502.96,178.70
17-37-19.jpg 73.4197,70.8661,75.638 7.85,62.58,513.13,193.79
17-37-40.jpg 73.1145,71.9543,74.3006 11.24,96.23,501.83,174.06
17-38-18.jpg 76.9946,78.149,85.8703 13.50,40.53,510.87,186.83
17-38-30.jpg 74.9596,71.1091,72.2643 15.76,55.62,506.35,217.00
17-40-25.jpg 75.7309,82.7681,91.7838 14.63,52.14,504.09,212.35
17-47-32.jpg 77.1189,78.5647,82.7681 13.50,46.34,512.00,217.00
17-47-38.jpg 74.3436,77.7557,90.6882 7.85,76.51,510.87,176.38
17-47-41.jpg 84.9809,82.4588,85.8777 12.37,64.90,510.87,197.27
17-47-48.jpg 83.9233,82.5827,82.4588 15.76,67.22,502.96,208.87
17-48-12.jpg 76.5954,81.2994,84.7099 13.50,56.78,509.74,191.47
17-48-16.jpg 81.2994,81.2365,86.0561 15.76,52.14,486.01,239.04
17-48-21.jpg 69.7712,77.8213,80.1958 18.02,68.38,501.83,181.02
17-48-34.jpg 80.2674,82.5827,82.4201 15.76,18.49,501.83,190.31
17-48-45.jpg 78.9402,81.2601,82.513 33.84,55.62,497.31,204.23
17-48-47.jpg 81.2994,80.1002,90.5754 15.76,53.30,500.70,199.59
17-48-50.jpg 76.7204,76.6621,77.8213 20.28,44.02,501.83,198.43
17-49-02.jpg 77.9526,85.9892,85.9892 10.11,18.49,512.00,182.18
17-57-01.jpg 78.9078,81.2994,76.7204 11.24,74.19,512.00,189.15
17-57-11.jpg 84.9809,82.5827,90.5119 16.89,53.30,505.22,204.23
17-57-24.jpg 82.6677,79.11,89.3515 13.50,67.22,499.57,222.80
17-57-47.jpg 81.4053,81.2089,88.4575 13.50,42.85,508.61,236.72
18-15-18.jpg 62.5901,62.541,68.2885 3.78,71.66,430.07,195.53
18-15-27.jpg 61.328,68.2692,65.9555 4.72,126.03,429.13,164.29
18-18-25.jpg 66.188,63.807,69.6471 10.34,107.52,419.76,177.02
18-18-29.jpg 71.8866,66.0087,66.0087 19.71,107.52,412.27,208.26
18-18-34.jpg 56.7238,72.033,85.6177 11.28,91.32,419.76,204.79
18-19-42.jpg 67.1646,70.6762,78.8764 11.28,38.10,425.39,222.14
18-19-50.jpg 86.795,76.4135,79.9701 10.34,70.50,378.54,211.73
18-19-54.jpg 77.5244,75.2106,82.1521 15.02,90.17,420.70,165.45
