09-41-06_1.jpg 52.6138,54.3626,53.4722 7.46,53.50,372.79,118.47
09-41-06_2.jpg 55.523,51.5761,54.7776 5.05,31.51,381.58,128.07
09-42-05_1.jpg 57.6851,57.6851,62.3819 5.89,36.84,380.06,155.73
09-42-05_2.jpg 65.3659,56.7645,61.1117 5.92,40.97,382.82,139.81
09-43-07_1.jpg 57.8216,60.1466,57.0325 6.64,30.80,378.53,139.28
09-43-07_2.jpg 58.6643,56.1698,58.8244 8.36,45.41,379.93,140.86
09-44-06_1.jpg 63.2155,60.6404,62.7556 6.69,37.55,380.62,145.33
09-44-06_2.jpg 58.957,57.2346,64.4296 7.50,28.67,377.18,133.24
09-45-04_1.jpg 77.6046,80.4771,89.0447 11.04,52.75,505.82,187.06
09-45-04_2.jpg 77.4685,80.0362,91.063 8.79,44.58,510.53,207.10
09-46-10_1.jpg 65.0016,66.1707,85.9004 10.51,41.55,437.79,154.38
09-46-10_2.jpg 68.7629,66.2117,78.905 6.71,43.60,438.75,163.64
09-49-17_1.jpg 76.4972,70.9852,63.721 7.61,62.65,433.95,151.01
09-49-17_2.jpg 66.6587,64.3996,64.5696 7.67,56.42,437.79,166.06
09-49-37_1.jpg 60.0918,55.8415,54.8123 7.65,49.83,440.65,143.51
09-49-37_2.jpg 75.5063,62.654,61.5931 11.54,59.41,438.76,145.42
09-50-11_1.jpg 70.389,63.7579,60.6793 6.74,58.54,444.52,151.01
09-50-11_2.jpg 79.2506,71.6261,63.6522 5.75,54.48,443.51,164.80
09-52-38_1.jpg 55.4295,59.0764,56.7667 5.29,56.75,342.89,151.26
09-52-38_2.jpg 54.213,63.6185,54.8528 4.58,54.86,345.58,154.10
09-53-51.jpg 57.8559,58.8569,47.1278 3.73,47.99,333.38,119.76
09-53-51_2.jpg 54.2519,51.4684,41.2964 6.73,63.64,335.07,98.39
09-54-44.jpg 52.0168,48.215,56.95 2.31,32.17,337.03,136.14
09-54-44_2.jpg 50.4334,47.3447,56.3888 4.47,36.50,334.61,129.21
09-55-22.jpg 56.3298,53.0912,48.8259 4.46,42.43,333.63,145.42
09-55-22_2.jpg 52.8781,49.9733,48.0633 3.07,41.48,341.67,134.70
09-55-50.jpg 51.9184,46.9043,47.8294 5.24,42.96,336.07,139.58
09-55-50_2.jpg 53.5011,45.9748,48.0896 2.30,33.40,336.51,146.21
09-56-30.jpg 59.9537,51.5781,57.4406 1.72,24.16,380.32,160.09
09-56-30_2.jpg 57.8557,55.9697,62.5411 4.95,12.92,374.49,159.34
09-57-36.jpg 61.397,63.9633,57.6235 5.78,29.94,375.62,174.11
09-57-36_2.jpg 60.941,58.6392,61.9597 5.76,33.26,374.49,166.76
09-58-19.jpg 51.9077,56.6816,57.9308 3.35,35.61,379.85,156.47
10-51-38.jpg 92.3884,96.7301,100.7454 9.55,70.13,486.76,205.45
10-52-09.jpg 81.287,85.7404,87.2178 7.51,54.44,494.68,220.19
10-55-10.jpg 91.4007,96.739,88.7686 14.16,48.49,499.24,235.49
10-58-55.jpg 87.16,90.4255,108.4527 8.66,62.44,500.59,188.61
11-02-15.jpg 102.2216,100.4677,99.4526 8.58,69.43,497.91,229.76
11-03-10.jpg 84.5451,87.0592,91.8473 5.32,73.78,497.14,206.21
11-03-53.jpg 90.5186,93.3033,104.4369 10.90,84.75,501.30,199.13
11-05-17.jpg 91.8337,93.3319,85.6261 7.57,48.36,500.59,229.18
11-05-42.jpg 90.4412,92.5194,90.8267 6.44,46.30,496.72,228.35
11-06-10.jpg 82.4437,90.7165,87.129 8.58,49.84,496.83,226.10
11-09-26.jpg 88.888,90.7033,100.5652 7.59,73.23,502.64,232.20
11-11-23.jpg 69.219,72.7208,80.2701 17.50,60.26,494.58,257.32
11-12-47.jpg 86.8342,82.1617,80.1633 5.49,44.30,416.57,198.34
11-13-13.jpg 68.7897,75.4336,79.2119 6.42,79.97,490.49,215.61
12-06-36.jpg 171.4143,165.4316,152.1422 3.64,64.95,581.00,360.00
17-35-44.jpg 62.7247,62.6468,62.6624 5.74,39.31,372.71,167.50
17-35-50.jpg 53.2072,58.6452,50.3857 4.13,47.48,372.71,163.41
17-35-56.jpg 57.2457,47.6621,53.1092 5.74,50.20,371.09,171.58
17-36-01.jpg 57.2002,59.9235,58.5785 2.52,48.84,376.74,159.33
17-36-35.jpg 74.4809,68.5481,89.4158 4.46,56.78,527.83,191.47
17-36-47.jpg 73.6629,73.4197,80.14 7.85,62.58,521.05,182.18
17-37-04.jpg 71.6817,74.8146,75.9667 8.98,61.42,516.53,196.11
17-37-19.jpg 74.6865,76.9946,78.4101 6.72,69.54,521.05,194.95
17-37-40.jpg 74.3436,75.4351,75.5028 10.11,100.88,519.92,170.58
17-38-18.jpg 78.4411,78.9216,98.7384 4.46,28.93,519.92,212.35
17-38-30.jpg 72.661,77.7787,76.6364 4.46,60.26,525.57,210.03
17-40-25.jpg 81.8631,83.1607,85.8777 10.11,55.62,515.39,214.68
17-47-32.jpg 78.7352,82.3891,85.2523 6.72,45.18,521.05,208.87
17-47-38.jpg 81.6131,83.5801,96.3405 5.59,62.58,525.57,217.00
17-47-41.jpg 89.9287,86.3451,88.4515 6.72,71.87,522.18,196.11
17-47-48.jpg 85.1911,87.4992,85.1911 5.59,63.74,524.44,203.07
17-48-12.jpg 84.8305,86.234,93.0046 8.98,57.94,522.18,191.47
17-48-16.jpg 85.0786,88.2201,86.0561 10.11,71.87,519.92,200.75
17-48-21.jpg 76.7204,77.1189,84.7777 6.72,73.03,524.44,193.79
17-48-34.jpg 82.6677,88.4515,90.6882 6.72,20.81,519.92,210.03
17-48-45.jpg 79.1987,87.214,84.7777 10.11,59.10,517.66,194.95
17-48-47.jpg 83.1607,77.8788,89.7011 12.37,62.58,512.00,191.47
17-48-50.jpg 79.8813,81.6131,75.638 13.50,57.94,510.87,199.59
17-49-02.jpg 82.7681,87.0601,94.1018 11.24,33.57,514.26,181.02
17-57-01.jpg 87.0381,85.0786,78.4101 10.11,73.03,514.26,201.91
17-57-11.jpg 82.8838,86.7657,93.0801 8.98,60.26,513.13,211.19
17-57-24.jpg 89.9287,80.7118,85.9001 10.11,79.99,514.26,219.32
17-57-47.jpg 93.5723,91.1632,90.7681 12.37,45.18,509.74,252.97
18-15-18.jpg 63.6969,64.961,71.8866 5.65,91.32,432.88,181.65
18-15-27.jpg 65.9488,69.4261,70.6762 4.72,121.41,434.76,178.18
18-18-25.jpg 69.1826,71.8316,70.9737 7.53,112.15,431.95,188.59
18-18-29.jpg 72.3431,68.2692,75.5774 7.53,110.99,429.13,207.10
18-18-34.jpg 63.6624,77.1851,93.1318 7.53,94.80,429.13,203.63
18-19-42.jpg 67.1646,73.2752,82.7908 3.78,54.30,434.76,225.61
18-19-50.jpg 87.2791,82.3389,80.7567 11.28,77.44,421.64,214.04
18-19-54.jpg 80.9952,85.6383,79.8548 6.59,100.58,430.07,178.18
